1.6031e-16
5.51938e-17
3.74646e-17
1.40173e-17
9.86506e-18
2.33618e-17
2.54072e-17
3.29874e-17
1.2708e-09
3.29874e-17
2.54072e-17
2.33618e-17
9.86506e-18
1.40173e-17
3.74646e-17
5.51938e-17
1.6031e-16
5.51938e-17
3.74646e-17
1.40173e-17
9.86506e-18
2.33618e-17
2.54072e-17
3.29874e-17
3.09815e-16
3.29874e-17
2.54072e-17
2.33618e-17
9.86506e-18
1.40173e-17
3.74646e-17
5.51938e-17
1.6031e-16
5.51938e-17
3.74646e-17
1.40173e-17
9.86506e-18
2.33618e-17
2.54072e-17
3.29874e-17
6.69535e-17
3.29874e-17
2.54072e-17
2.33618e-17
9.86506e-18
1.40173e-17
3.74646e-17
5.51938e-17
1.6031e-16
5.51938e-17
3.74646e-17
1.40173e-17
9.86506e-18
2.33618e-17
2.54072e-17
3.29874e-17
0.5
3.29874e-17
2.54072e-17
2.33618e-17
9.86506e-18
1.40173e-17
3.74646e-17
5.51938e-17
1.6031e-16
5.51938e-17
3.74646e-17
1.40173e-17
9.86506e-18
2.33618e-17
2.54072e-17
3.29874e-17
0.5
3.29874e-17
2.54072e-17
2.33618e-17
9.86506e-18
1.40173e-17
3.74646e-17
5.51938e-17
1.6031e-16
5.51938e-17
3.74646e-17
1.40173e-17
9.86506e-18
2.33618e-17
2.54072e-17
3.29874e-17
3.09815e-16
3.29874e-17
2.54072e-17
2.33618e-17
9.86506e-18
1.40173e-17
3.74646e-17
5.51938e-17
1.6031e-16
5.51938e-17
3.74646e-17
1.40173e-17
9.86506e-18
2.33618e-17
2.54072e-17
3.29874e-17
6.69535e-17
3.29874e-17
2.54072e-17
2.33618e-17
9.86506e-18
1.40173e-17
3.74646e-17
5.51938e-17
1.6031e-16
5.51938e-17
3.74646e-17
1.40173e-17
9.86506e-18
2.33618e-17
2.54072e-17
3.29874e-17
1.2708e-09
3.29874e-17
2.54072e-17
2.33618e-17
9.86506e-18
1.40173e-17
3.74646e-17
5.51938e-17
