3.14159
-1.09958
-2.16925
-3.07372
-1.6735
-2.3839
-3.0549
-3.00881
-1.5708
-0.132786
-0.0866906
-0.757696
-1.4681
-0.0678767
-0.972348
-2.04201
0
2.04201
0.972348
0.0678767
1.4681
0.757696
0.0866906
0.132786
1.5708
3.00881
3.0549
2.3839
1.6735
3.07372
2.16925
1.09958
3.14159
-1.09958
-2.16925
-3.07372
-1.6735
-2.3839
-3.0549
-3.00881
-1.5708
-0.132786
-0.0866906
-0.757696
-1.4681
-0.0678767
-0.972348
-2.04201
0
2.04201
0.972348
0.0678767
1.4681
0.757696
0.0866906
0.132786
-2.54159e-09
3.00881
3.0549
2.3839
1.6735
3.07372
2.16925
1.09958
3.14159
-1.09958
-2.16925
-3.07372
-1.6735
-2.3839
-3.0549
-3.00881
2.54159e-09
-0.132786
-0.0866906
-0.757696
-1.4681
-0.0678767
-0.972348
-2.04201
0
2.04201
0.972348
0.0678767
1.4681
0.757696
0.0866906
0.132786
1.5708
3.00881
3.0549
2.3839
1.6735
3.07372
2.16925
1.09958
3.14159
-1.09958
-2.16925
-3.07372
-1.6735
-2.3839
-3.0549
-3.00881
-1.5708
-0.132786
-0.0866906
-0.757696
-1.4681
-0.0678767
-0.972348
-2.04201
0
2.04201
0.972348
0.0678767
1.4681
0.757696
0.0866906
0.132786
1.5708
3.00881
3.0549
2.3839
1.6735
3.07372
2.16925
1.09958
