-1.6031e-16
2.50562e-17
-2.11061e-17
-1.3985e-17
-1.01137e-18
-1.69705e-17
-2.53118e-17
-3.2697e-17
0
3.2697e-17
2.53118e-17
1.69705e-17
1.01137e-18
1.3985e-17
2.11061e-17
-2.50562e-17
1.6031e-16
-2.50562e-17
2.11061e-17
1.3985e-17
1.01137e-18
1.69705e-17
2.53118e-17
3.2697e-17
0
-3.2697e-17
-2.53118e-17
-1.69705e-17
-1.01137e-18
-1.3985e-17
-2.11061e-17
2.50562e-17
-1.6031e-16
2.50562e-17
-2.11061e-17
-1.3985e-17
-1.01137e-18
-1.69705e-17
-2.53118e-17
-3.2697e-17
0
3.2697e-17
2.53118e-17
1.69705e-17
1.01137e-18
1.3985e-17
2.11061e-17
-2.50562e-17
1.6031e-16
-2.50562e-17
2.11061e-17
1.3985e-17
1.01137e-18
1.69705e-17
2.53118e-17
3.2697e-17
0.5
-3.2697e-17
-2.53118e-17
-1.69705e-17
-1.01137e-18
-1.3985e-17
-2.11061e-17
2.50562e-17
-1.6031e-16
2.50562e-17
-2.11061e-17
-1.3985e-17
-1.01137e-18
-1.69705e-17
-2.53118e-17
-3.2697e-17
0.5
3.2697e-17
2.53118e-17
1.69705e-17
1.01137e-18
1.3985e-17
2.11061e-17
-2.50562e-17
1.6031e-16
-2.50562e-17
2.11061e-17
1.3985e-17
1.01137e-18
1.69705e-17
2.53118e-17
3.2697e-17
0
-3.2697e-17
-2.53118e-17
-1.69705e-17
-1.01137e-18
-1.3985e-17
-2.11061e-17
2.50562e-17
-1.6031e-16
2.50562e-17
-2.11061e-17
-1.3985e-17
-1.01137e-18
-1.69705e-17
-2.53118e-17
-3.2697e-17
0
3.2697e-17
2.53118e-17
1.69705e-17
1.01137e-18
1.3985e-17
2.11061e-17
-2.50562e-17
1.6031e-16
-2.50562e-17
2.11061e-17
1.3985e-17
1.01137e-18
1.69705e-17
2.53118e-17
3.2697e-17
0
-3.2697e-17
-2.53118e-17
-1.69705e-17
-1.01137e-18
-1.3985e-17
-2.11061e-17
2.50562e-17
