0
-4.91787e-17
-3.09536e-17
-9.50719e-19
-9.81308e-18
-1.60554e-17
-2.19981e-18
-4.36741e-18
-1.2708e-09
-4.36741e-18
-2.19981e-18
-1.60554e-17
-9.81308e-18
-9.50719e-19
-3.09536e-17
-4.91787e-17
0
4.91787e-17
3.09536e-17
9.50719e-19
9.81308e-18
1.60554e-17
2.19981e-18
4.36741e-18
3.09815e-16
4.36741e-18
2.19981e-18
1.60554e-17
9.81308e-18
9.50719e-19
3.09536e-17
4.91787e-17
0
-4.91787e-17
-3.09536e-17
-9.50719e-19
-9.81308e-18
-1.60554e-17
-2.19981e-18
-4.36741e-18
-6.69535e-17
-4.36741e-18
-2.19981e-18
-1.60554e-17
-9.81308e-18
-9.50719e-19
-3.09536e-17
-4.91787e-17
0
4.91787e-17
3.09536e-17
9.50719e-19
9.81308e-18
1.60554e-17
2.19981e-18
4.36741e-18
-1.2708e-09
4.36741e-18
2.19981e-18
1.60554e-17
9.81308e-18
9.50719e-19
3.09536e-17
4.91787e-17
0
-4.91787e-17
-3.09536e-17
-9.50719e-19
-9.81308e-18
-1.60554e-17
-2.19981e-18
-4.36741e-18
1.2708e-09
-4.36741e-18
-2.19981e-18
-1.60554e-17
-9.81308e-18
-9.50719e-19
-3.09536e-17
-4.91787e-17
0
4.91787e-17
3.09536e-17
9.50719e-19
9.81308e-18
1.60554e-17
2.19981e-18
4.36741e-18
3.09815e-16
4.36741e-18
2.19981e-18
1.60554e-17
9.81308e-18
9.50719e-19
3.09536e-17
4.91787e-17
0
-4.91787e-17
-3.09536e-17
-9.50719e-19
-9.81308e-18
-1.60554e-17
-2.19981e-18
-4.36741e-18
-6.69535e-17
-4.36741e-18
-2.19981e-18
-1.60554e-17
-9.81308e-18
-9.50719e-19
-3.09536e-17
-4.91787e-17
0
4.91787e-17
3.09536e-17
9.50719e-19
9.81308e-18
1.60554e-17
2.19981e-18
4.36741e-18
1.2708e-09
4.36741e-18
2.19981e-18
1.60554e-17
9.81308e-18
9.50719e-19
3.09536e-17
4.91787e-17
