0
-0.0078125
0
0.0078125
0
-0.0078125
0
0.0078125
0
-0.0078125
0
0.0078125
0
-0.0078125
0
0.0078125
0
-0.0078125
0
0.0078125
0
-0.0078125
0
0.0078125
0
-0.0078125
0
0.0078125
0
-0.0078125
0
0.0078125
0
-0.0078125
0
0.0078125
0
-0.0078125
0
0.0078125
0
-0.0078125
0
0.0078125
0
-0.0078125
0
0.0078125
0
-0.00781251
0
0.0078125
0
-0.0078125
0
0.0078125
0
-0.0078125
0
0.0078125
0
-0.0078125
0
0.00781249
0
-0.00781249
0
0.0078125
0
-0.0078125
0
0.0078125
0
-0.0078125
0
0.0078125
0
-0.0078125
0
0.00781251
0
-0.0078125
0
0.0078125
0
-0.0078125
0
0.0078125
0
-0.0078125
0
0.0078125
0
-0.0078125
0
0.0078125
0
-0.0078125
0
0.0078125
0
-0.0078125
0
0.0078125
0
-0.0078125
0
0.0078125
0
-0.0078125
0
0.0078125
0
-0.0078125
0
0.0078125
0
-0.0078125
0
0.0078125
0
-0.0078125
0
0.0078125
0
-0.0078125
0
0.0078125
