0
-1.54625
0
1.64443
0
-1.44808
0
1.7426
0
-1.3499
0
1.84078
0
-1.25173
0
1.93895
0
-1.15355
0
2.03713
0
-1.05538
0
2.1353
0
-0.957204
0
2.23348
0
-0.859029
0
2.33165
0
-0.760855
0
2.42983
0
-0.66268
0
2.528
0
-0.564505
0
2.62618
0
-0.46633
0
2.72435
0
-0.368156
0
2.82252
0
-0.269981
0
2.9207
0
-0.171806
0
3.01887
0
-0.0736311
0
3.11705
0
-3.11705
0
0.0736311
0
-3.01887
0
0.171806
0
-2.9207
0
0.269981
0
-2.82252
0
0.368156
0
-2.72435
0
0.46633
0
-2.62618
0
0.564505
0
-2.528
0
0.66268
0
-2.42983
0
0.760855
0
-2.33165
0
0.859029
0
-2.23348
0
0.957204
0
-2.1353
0
1.05538
0
-2.03713
0
1.15355
0
-1.93895
0
1.25173
0
-1.84078
0
1.3499
0
-1.7426
0
1.44808
0
-1.64443
0
1.54625
