0
0.000191793
0
-0.000576284
0
0.00096358
0
-0.0013556
0
0.00175435
0
-0.00216201
0
0.0025809
0
-0.00301362
0
0.00346304
0
-0.00393248
0
0.00442573
0
-0.00494721
0
0.00550218
0
-0.00609694
0
0.00673911
0
-0.00743812
0
0.00820572
0
-0.00905686
0
0.0100108
0
-0.0110929
0
0.0123373
0
-0.013791
0
0.0155208
0
-0.0176247
0
0.0202531
0
-0.0236488
0
0.0282307
0
-0.0347906
0
0.0450246
0
-0.0633421
0
0.105911
0
-0.318246
0.5
-0.318246
0
0.105911
0
-0.0633421
0
0.0450246
0
-0.0347906
0
0.0282307
0
-0.0236488
0
0.0202531
0
-0.0176247
0
0.0155208
0
-0.013791
0
0.0123373
0
-0.0110929
0
0.0100108
0
-0.00905686
0
0.00820572
0
-0.00743812
0
0.00673911
0
-0.00609694
0
0.00550218
0
-0.00494721
0
0.00442573
0
-0.00393248
0
0.00346304
0
-0.00301362
0
0.0025809
0
-0.00216201
0
0.00175435
0
-0.0013556
0
0.00096358
0
-0.000576284
0
0.000191793
