1
0.92388
0.707107
0.382683
6.12323e-17
-0.382683
-0.707107
-0.92388
-1
-0.92388
-0.707107
-0.382683
-1.83697e-16
0.382683
0.707107
0.92388
1
0.92388
0.707107
0.382683
3.06162e-16
-0.382683
-0.707107
-0.92388
-1
-0.92388
-0.707107
-0.382683
-4.28626e-16
0.382683
0.707107
0.92388
1
0.92388
0.707107
0.382683
5.51091e-16
-0.382683
-0.707107
-0.92388
-1
-0.92388
-0.707107
-0.382683
-2.44991e-15
0.382683
0.707107
0.92388
1
0.92388
0.707107
0.382683
-9.80336e-16
-0.382683
-0.707107
-0.92388
-1
-0.92388
-0.707107
-0.382683
-2.69484e-15
0.382683
0.707107
0.92388
1
0.92388
0.707107
0.382683
-7.35407e-16
-0.382683
-0.707107
-0.92388
-1
-0.92388
-0.707107
-0.382683
-2.93977e-15
0.382683
0.707107
0.92388
1
0.92388
0.707107
0.382683
-4.90478e-16
-0.382683
-0.707107
-0.92388
-1
-0.92388
-0.707107
-0.382683
-3.1847e-15
0.382683
0.707107
0.92388
1
0.92388
0.707107
0.382683
-2.45548e-16
-0.382683
-0.707107
-0.92388
-1
-0.92388
-0.707107
-0.382683
-3.42963e-15
0.382683
0.707107
0.92388
1
0.92388
0.707107
0.382683
-6.18981e-19
-0.382683
-0.707107
-0.92388
-1
-0.92388
-0.707107
-0.382683
-3.67456e-15
0.382683
0.707107
0.92388
